       2.1     2.125      2.15     2.175       2.2       2.2     2.201     2.202     2.203     2.204     2.205     2.206     2.207     2.208     2.209      2.21     2.211     2.212     2.213     2.214     2.215     2.216     2.217     2.218     2.219      2.22     2.221     2.222     2.223     2.224     2.225     2.226     2.227     2.228     2.229      2.23     2.231     2.232     2.233     2.234     2.235     2.236     2.237     2.238     2.239      2.24     2.241     2.242     2.243     2.244     2.245     2.246     2.247     2.248     2.249      2.25     2.251     2.252     2.253     2.254     2.255     2.256     2.257     2.258     2.259      2.26     2.261     2.262     2.263     2.264     2.265     2.266     2.267     2.268     2.269      2.27     2.271     2.272     2.273     2.274     2.275     2.276     2.277     2.278     2.279      2.28     2.281     2.282     2.283     2.284     2.285     2.286     2.287     2.288     2.289      2.29     2.291     2.292     2.293     2.294     2.295     2.296     2.297     2.298     2.299       2.3     2.301     2.302     2.303     2.304     2.305     2.306     2.307     2.308     2.309      2.31     2.311     2.312     2.313     2.314     2.315     2.316     2.317     2.318     2.319      2.32     2.321     2.322     2.323     2.324     2.325     2.326     2.327     2.328     2.329      2.33     2.331     2.332     2.333     2.334     2.335     2.336     2.337     2.338     2.339      2.34     2.341     2.342     2.343     2.344     2.345     2.346     2.347     2.348     2.349      2.35     2.351     2.352     2.353     2.354     2.355     2.356     2.357     2.358     2.359      2.36     2.361     2.362     2.363     2.364     2.365     2.366     2.367     2.368     2.369      2.37     2.371     2.372     2.373     2.374     2.375     2.376     2.377     2.378     2.379      2.38     2.381     2.382     2.383     2.384     2.385     2.386     2.387     2.388     2.389      2.39     2.391     2.392     2.393     2.394     2.395     2.396     2.397     2.398     2.399       2.4       2.4     2.425      2.45     2.475       2.5
140
-1.66233  0.235999  0.868948  0.526655
-1.63733  0.367413  0.853947    0.8933
-1.61015  0.515066  0.836147   1.45116
-1.58046  0.709249  0.814254   2.49368
-1.54706   0.92111  0.785781   4.40212
-1.54699  0.935785  0.785492   4.77076
-1.54562  0.937953  0.784337   4.42332
-1.54456  0.940814    0.7836   4.67773
-1.54279  0.963406  0.781479   5.06086
-1.54161  0.975714  0.780739   4.75981
-1.54004    0.9682  0.779187   4.98769
-1.53844  0.978006  0.776982   5.60081
-1.53718   1.00814  0.776292    5.4797
-1.53528   1.01808  0.774043   5.65131
-1.53413   1.02101  0.772857   5.74347
-1.53279   1.07269  0.771387   6.83134
-1.53123   1.06637  0.769907   6.86845
-1.52972   1.06508  0.768819   6.10677
-1.52792   1.09215  0.766221   6.98035
-1.52695   1.09627  0.765845   6.52959
-1.52473   1.11312  0.762664   7.43891
-1.52362   1.13563  0.761745   7.77841
-1.52189   1.13651  0.759372   8.57092
-1.5204   1.13462  0.758787   7.30556
-1.51923   1.14828  0.757949   7.18963
-1.51739   1.16768  0.754823   8.46469
-1.51594   1.17579  0.753949   8.16946
-1.51419   1.19493  0.751454   8.72621
-1.5125    1.2122  0.749261   9.36069
-1.51122   1.22237  0.748396   9.11558
-1.50927   1.23859  0.744963   10.4946
-1.50779   1.25327  0.743679   10.5168
-1.50637   1.27364   0.74261   10.3478
-1.50444   1.28762  0.739544   10.8084
-1.50294   1.28872  0.738427   10.5137
-1.50126    1.3287  0.735443   12.3974
-1.49919    1.3725  0.731585   13.7909
-1.49758   1.38735  0.730426   13.6118
-1.49616   1.36545   0.72914   12.7576
-1.49454   1.38553  0.727182   13.6251
-1.49286   1.45001  0.723876   16.6669
-1.49052   1.41941  0.721024   14.9863
-1.48873   1.48952  0.716841   19.8816
-1.48743   1.46953  0.716609   17.4379
-1.48617    1.4652  0.715373    16.841
-1.48441   1.46251  0.713227   17.0258
-1.48214   1.51731  0.710024   18.4448
-1.48077   1.52566  0.708526   19.0378
-1.47794   1.58836  0.698983   30.0388
-1.47733   1.59459  0.702866   22.8586
-1.47535   1.56952  0.699739   22.5472
-1.47281   1.62682  0.693602    25.647
-1.4708    1.6789  0.690867   26.5568
-1.46907   1.65673  0.688409    26.193
-1.46721   1.65637  0.686232   23.8709
-1.4656    1.6957  0.683078    28.051
-1.46409   1.72628  0.681226   27.9406
-1.46239   1.74633  0.678123   36.8415
-1.45855   1.86724  0.665744   46.4793
-1.45752   1.87883  0.666829   42.4652
-1.45456   1.94887  0.658213   45.4919
-1.45314   1.92459  0.655825   50.6546
-1.45032   1.98793  0.649118   56.5966
-1.44926   1.91515  0.651474   42.9269
-1.44736   2.04184  0.643058   61.6158
-1.44635   1.89867  0.647708   41.3984
-1.44285   2.02596  0.635623   62.3631
-1.44006   2.14463  0.625061   90.9023
-1.43825   2.11921  0.625357   69.3509
-1.43679   2.17147  0.621187    79.778
-1.43414   2.18479  0.616082   72.8375
-1.43248   2.12003  0.614003   76.9352
-1.4294   2.27195  0.600008   103.139
-1.42732   2.26584  0.597562   91.1607
-1.42458    2.3069  0.588169   102.277
-1.42313    2.2805  0.589072   80.6311
-1.42191   2.30194  0.589495   87.4872
-1.41899   2.35025  0.577521    112.94
-1.41573   2.42162  0.563521   129.186
-1.41345   2.52326  0.555342   140.434
-1.41213   2.43444  0.553291   143.022
-1.40886   2.52718  0.540234   164.089
-1.40785   2.45413  0.547608   128.546
-1.405   2.50562  0.535235    144.61
-1.40178   2.68121  0.519121   174.487
-1.39967   2.70389  0.514604   177.843
-1.39667   2.61974  0.503794   170.508
-1.39561   2.67561  0.500714   193.154
-1.39252   2.70581  0.488969   196.873
-1.39052   2.64334  0.484697   186.232
-1.38826   2.69709  0.477374   196.729
-1.387   2.68429  0.478495   192.145
-1.38376   2.71159  0.460748   209.633
-1.38083   2.87247  0.447486   245.936
-1.37868   2.69933  0.440953   229.123
-1.37742   2.74734  0.440776   224.151
-1.37406   2.66899   0.42738   224.086
-1.37253   2.82738  0.425623   234.689
-1.36917   2.77648  0.402187   261.603
-1.36907   2.74839  0.417058   227.634
-1.36515   2.74227  0.394067   242.129
-1.36198    2.8142  0.373724   273.111
-1.3611   2.76511  0.384627   243.508
-1.35952   2.72218  0.382434   242.538
-1.35621   2.79883  0.359696   269.892
-1.35371   2.71993  0.345086   263.324
-1.35241   2.70262  0.350248   253.985
-1.34946    2.7589  0.333205   256.963
-1.34784   2.70585  0.328914   258.553
-1.34599   2.75481  0.326462   262.021
-1.34395   2.75159  0.318497   264.666
-1.34162   2.72194  0.309954   258.767
-1.33912    2.6449  0.296368   253.191
-1.33803   2.68624  0.301283   252.794
-1.33595   2.64677  0.291323    255.69
-1.33328   2.61248  0.275965   248.857
-1.3316   2.59102  0.276191   242.047
-1.33049   2.59986  0.274189   244.416
-1.32874   2.55569  0.272586   234.977
-1.32677   2.54487  0.260889   236.032
-1.32489   2.60404  0.257779   243.346
-1.32271   2.57526  0.245904   240.021
-1.32079   2.57777  0.239272   235.487
-1.31922   2.55747  0.242531   225.642
-1.3174   2.50471   0.23209   223.679
-1.31581   2.50562  0.236507   217.717
-1.31368   2.45358   0.22163   212.198
-1.31252   2.48554  0.221151   221.976
-1.31067    2.4964  0.218457    216.37
-1.30893   2.41085  0.210525   207.184
-1.30743   2.42459  0.213769    210.08
-1.30644   2.41431  0.207795   207.416
-1.30394   2.41566  0.206435   197.741
-1.30209   2.38298  0.198118   197.024
-1.30073    2.4308  0.192303   197.668
-1.29982   2.40363  0.197462    198.34
-1.29734   2.41707  0.192019   188.605
-1.29682   2.35605  0.196964   187.999
-1.29457   2.37309  0.186333   183.827
-1.29275    2.3383  0.181024   174.729
-1.29155   2.35791  0.182838   181.433
-1.28978   2.32289  0.176267   173.948
-1.28835   2.32226   0.17159    169.97
-1.28698   2.33562  0.175887   171.652
-1.28522   2.30205   0.16914   166.782
-1.28415   2.28397  0.169461    168.36
-1.28232   2.25511  0.163703   158.702
-1.28118   2.25812  0.159552    157.44
-1.27928   2.26082  0.158352   155.611
-1.27812   2.24469  0.161248   153.277
-1.27675   2.24342  0.157666    150.39
-1.27539   2.24772  0.157442   150.256
-1.27361   2.25297  0.151947   145.473
-1.27237   2.22485  0.150019    145.07
-1.27043   2.21868  0.146705   141.376
-1.26919   2.19561  0.145279   139.677
-1.26806   2.19044  0.143342   140.863
-1.26636   2.18678  0.138171   135.449
-1.26556   2.16705  0.138706   132.496
-1.26401   2.17141  0.142395   131.424
-1.26256   2.18132  0.139419   130.176
-1.26145   2.17018  0.136768   131.893
-1.26003   2.15829  0.136446   129.053
-1.25857   2.14968  0.133116   127.425
-1.25753   2.14847  0.133916   125.155
-1.25598   2.11844  0.130448   123.498
-1.25454   2.09998  0.126345   118.929
-1.25316   2.13198  0.127537   119.541
-1.25174   2.08693  0.123318   115.706
-1.25057   2.09839  0.125683   113.934
-1.24921   2.07293  0.121737   111.967
-1.24798   2.09303  0.124255     112.5
-1.24663   2.06611  0.122214   110.922
-1.2451   2.06247  0.118739   107.864
-1.24377   2.06195  0.117121   106.843
-1.24286   2.04689  0.118435   106.444
-1.24156   2.03288  0.115583   105.353
-1.24013   2.05388  0.115875   102.995
-1.23882   2.07015  0.113438    104.94
-1.23754   2.01765  0.112004   100.164
-1.23603     2.012  0.108888    97.873
-1.23501    2.0198  0.108621   96.7982
-1.23371   1.99666  0.108839    94.658
-1.23268    2.0132  0.107452   94.0177
-1.23145   1.99134  0.108622   93.9186
-1.23011   2.00321  0.108099   93.7332
-1.22868   1.96894  0.103923   88.9376
-1.22779   1.95804  0.103576   88.7511
-1.22662   1.97938  0.103337   90.7105
-1.22495   1.96172  0.101158   87.5059
-1.224     1.955  0.100776   86.3794
-1.22272   1.95786  0.100614   85.7096
-1.22153   1.95298  0.100789   85.8557
-1.22026   1.92552 0.0978317   82.6627
-1.21934   1.97733 0.0986904   85.2746
-1.21779   1.93881 0.0982373   81.5852
-1.21702   1.91541 0.0955018   80.9129
-1.21562   1.91083 0.0977419   79.1702
-1.21447   1.92783 0.0940477   78.9913
-1.21357   1.93735 0.0967272   80.4214
-1.21217   1.90704 0.0944078   77.7387
-1.21099   1.88533 0.0939797   76.2777
-1.21   1.89165 0.0907808   75.0757
-1.20857   1.89383 0.0910629   75.0043
-1.20764   1.86189 0.0922183   74.3322
-1.20641   1.86545 0.0894355    73.111
-1.20676   1.87749 0.0920078   74.2723
-1.17902   1.75348 0.0756101   56.1838
-1.15377   1.66623 0.0657197   45.6247
-1.12973    1.5684 0.0584713   36.3643
-1.10752   1.48162 0.0526905   30.6324
2.288
